240 240 320 240 0.2709203750 0.0047495000 0.2709205000 0.0047496250
80 240 320 240 0.2709201250 0.0047495000 0.2709202500 0.0047496250
320 180 320 240 0.2709205000 0.0047493750 0.2709206250 0.0047495000
320 420 320 240 0.2709205000 0.0047498750 0.2709206250 0.0047500000
80 360 320 240 0.2709201250 0.0047497500 0.2709202500 0.0047498750
480 0 320 240 0.2709207500 0.0047490000 0.2709208750 0.0047491250
80 180 320 240 0.2709201250 0.0047493750 0.2709202500 0.0047495000
240 0 320 240 0.2709203750 0.0047490000 0.2709205000 0.0047491250
80 300 320 240 0.2709201250 0.0047496250 0.2709202500 0.0047497500
480 240 320 240 0.2709207500 0.0047495000 0.2709208750 0.0047496250
480 420 320 240 0.2709207500 0.0047498750 0.2709208750 0.0047500000
480 120 320 240 0.2709207500 0.0047492500 0.2709208750 0.0047493750
80 0 320 240 0.2709201250 0.0047490000 0.2709202500 0.0047491250
400 360 320 240 0.2709206250 0.0047497500 0.2709207500 0.0047498750
480 60 320 240 0.2709207500 0.0047491250 0.2709208750 0.0047492500
400 60 320 240 0.2709206250 0.0047491250 0.2709207500 0.0047492500
160 420 320 240 0.2709202500 0.0047498750 0.2709203750 0.0047500000
320 60 320 240 0.2709205000 0.0047491250 0.2709206250 0.0047492500
320 240 320 240 0.2709205000 0.0047495000 0.2709206250 0.0047496250
0 60 320 240 0.2709200000 0.0047491250 0.2709201250 0.0047492500
0 300 320 240 0.2709200000 0.0047496250 0.2709201250 0.0047497500
320 120 320 240 0.2709205000 0.0047492500 0.2709206250 0.0047493750
240 420 320 240 0.2709203750 0.0047498750 0.2709205000 0.0047500000
0 360 320 240 0.2709200000 0.0047497500 0.2709201250 0.0047498750
480 300 320 240 0.2709207500 0.0047496250 0.2709208750 0.0047497500
400 420 320 240 0.2709206250 0.0047498750 0.2709207500 0.0047500000
160 300 320 240 0.2709202500 0.0047496250 0.2709203750 0.0047497500
240 360 320 240 0.2709203750 0.0047497500 0.2709205000 0.0047498750
480 360 320 240 0.2709207500 0.0047497500 0.2709208750 0.0047498750
560 60 320 240 0.2709208750 0.0047491250 0.2709210000 0.0047492500
240 60 320 240 0.2709203750 0.0047491250 0.2709205000 0.0047492500
560 420 320 240 0.2709208750 0.0047498750 0.2709210000 0.0047500000
240 120 320 240 0.2709203750 0.0047492500 0.2709205000 0.0047493750
400 180 320 240 0.2709206250 0.0047493750 0.2709207500 0.0047495000
400 240 320 240 0.2709206250 0.0047495000 0.2709207500 0.0047496250
560 120 320 240 0.2709208750 0.0047492500 0.2709210000 0.0047493750
320 300 320 240 0.2709205000 0.0047496250 0.2709206250 0.0047497500
80 420 320 240 0.2709201250 0.0047498750 0.2709202500 0.0047500000
480 180 320 240 0.2709207500 0.0047493750 0.2709208750 0.0047495000
560 0 320 240 0.2709208750 0.0047490000 0.2709210000 0.0047491250
0 120 320 240 0.2709200000 0.0047492500 0.2709201250 0.0047493750
560 360 320 240 0.2709208750 0.0047497500 0.2709210000 0.0047498750
0 180 320 240 0.2709200000 0.0047493750 0.2709201250 0.0047495000
160 360 320 240 0.2709202500 0.0047497500 0.2709203750 0.0047498750
0 0 320 240 0.2709200000 0.0047490000 0.2709201250 0.0047491250
400 0 320 240 0.2709206250 0.0047490000 0.2709207500 0.0047491250
240 300 320 240 0.2709203750 0.0047496250 0.2709205000 0.0047497500
80 60 320 240 0.2709201250 0.0047491250 0.2709202500 0.0047492500
80 120 320 240 0.2709201250 0.0047492500 0.2709202500 0.0047493750
560 180 320 240 0.2709208750 0.0047493750 0.2709210000 0.0047495000
320 0 320 240 0.2709205000 0.0047490000 0.2709206250 0.0047491250
160 180 320 240 0.2709202500 0.0047493750 0.2709203750 0.0047495000
400 120 320 240 0.2709206250 0.0047492500 0.2709207500 0.0047493750
240 180 320 240 0.2709203750 0.0047493750 0.2709205000 0.0047495000
400 300 320 240 0.2709206250 0.0047496250 0.2709207500 0.0047497500
320 360 320 240 0.2709205000 0.0047497500 0.2709206250 0.0047498750
0 240 320 240 0.2709200000 0.0047495000 0.2709201250 0.0047496250
160 120 320 240 0.2709202500 0.0047492500 0.2709203750 0.0047493750
160 60 320 240 0.2709202500 0.0047491250 0.2709203750 0.0047492500
160 240 320 240 0.2709202500 0.0047495000 0.2709203750 0.0047496250
560 240 320 240 0.2709208750 0.0047495000 0.2709210000 0.0047496250
560 300 320 240 0.2709208750 0.0047496250 0.2709210000 0.0047497500
0 420 320 240 0.2709200000 0.0047498750 0.2709201250 0.0047500000
160 0 320 240 0.2709202500 0.0047490000 0.2709203750 0.0047491250
